{"normalized_features": [[-0.18257418583505527, 0.0, -0.26261286571944514, 5.477225575051657, -0.18257418583505525, -0.18257418583505522, -0.18257418583505522, -0.18257418583505522, -0.26261286571944514, -0.5400617248673216, -0.5897678246195885, -0.4385290096535146, -0.18257418583505527, -0.5400617248673216, -0.32732683535398854, -0.2626128657194451, -0.18257418583505527, -0.38490017945975047, 0.7947194142390261, -0.32732683535398854, 1.449137674618944, -1.449137674618944, -0.2626128657194451, -0.2626128657194451, 0.6467616667635548, -0.9074852129730304, -0.5400617248673216, -0.2626128657194451, -0.2626128657194451, -0.2626128657194451, 1.695582495781317, -1.176696810829104, -0.32732683535398854, -0.5400617248673216, 1.8516401995451026, -0.4898979485566356, -0.7416198487095665, 0.0, -1.1226827987756232, -0.11433239009500579, 1.364382080481293], [-0.18257418583505527, 0.0, -0.26261286571944514, -0.18257418583505522, -0.18257418583505525, 5.477225575051657, -0.18257418583505522, -0.18257418583505522, -0.26261286571944514, -0.5400617248673216, -0.5897678246195885, -0.4385290096535146, -0.18257418583505527, -0.5400617248673216, -0.32732683535398854, -0.2626128657194451, -0.18257418583505527, -0.38490017945975047, 0.7947194142390261, -0.32732683535398854, 1.449137674618944, -1.449137674618944, -0.2626128657194451, -0.2626128657194451, 0.6467616667635548, -0.9074852129730304, -0.5400617248673216, -0.2626128657194451, -0.2626128657194451, -0.2626128657194451, 1.695582495781317, -1.176696810829104, -0.32732683535398854, -0.5400617248673216, 1.8516401995451026, -0.4898979485566356, -0.7416198487095665, 0.0, -1.1226827987756232, -0.11433239009500579, 1.364382080481293], [-0.18257418583505527, 0.0, -0.26261286571944514, -0.18257418583505522, -0.18257418583505525, -0.18257418583505522, 5.477225575051657, -0.18257418583505522, -0.26261286571944514, -0.5400617248673216, -0.5897678246195885, -0.4385290096535146, -0.18257418583505527, -0.5400617248673216, -0.32732683535398854, -0.2626128657194451, -0.18257418583505527, -0.38490017945975047, 0.7947194142390261, -0.32732683535398854, 1.449137674618944, -1.449137674618944, -0.2626128657194451, -0.2626128657194451, 0.6467616667635548, -0.9074852129730304, -0.5400617248673216, -0.2626128657194451, -0.2626128657194451, -0.2626128657194451, 1.695582495781317, -1.176696810829104, -0.32732683535398854, -0.5400617248673216, -0.5400617248673215, -0.4898979485566356, 1.3483997249264845, 0.0, -1.1226827987756232, -0.11433239009500579, 1.364382080481293], [-0.18257418583505527, 0.0, -0.26261286571944514, -0.18257418583505522, -0.18257418583505525, -0.18257418583505522, -0.18257418583505522, 5.477225575051657, -0.26261286571944514, -0.5400617248673216, -0.5897678246195885, -0.4385290096535146, -0.18257418583505527, 1.8516401995451028, -0.32732683535398854, -0.2626128657194451, -0.18257418583505527, -0.38490017945975047, -1.2583057392117913, -0.32732683535398854, 1.449137674618944, -1.449137674618944, -0.2626128657194451, -0.2626128657194451, 3.1529631254723296, -0.9074852129730304, -0.5400617248673216, -0.2626128657194451, -0.2626128657194451, -0.2626128657194451, 1.695582495781317, -1.176696810829104, -0.32732683535398854, 1.8516401995451028, -0.5400617248673215, -0.4898979485566356, -0.7416198487095665, 0.0, -1.1226827987756232, -0.11433239009500579, 1.364382080481293], [-0.18257418583505527, 0.0, -0.26261286571944514, -0.18257418583505522, 5.477225575051658, -0.18257418583505522, -0.18257418583505522, -0.18257418583505522, -0.26261286571944514, -0.5400617248673216, -0.5897678246195885, -0.4385290096535146, -0.18257418583505527, 1.8516401995451028, -0.32732683535398854, -0.2626128657194451, -0.18257418583505527, -0.38490017945975047, -1.2583057392117913, -0.32732683535398854, 1.449137674618944, -1.449137674618944, -0.2626128657194451, -0.2626128657194451, 1.8998623961179424, -0.9074852129730304, -0.5400617248673216, -0.2626128657194451, -0.2626128657194451, -0.2626128657194451, 1.695582495781317, -1.176696810829104, -0.32732683535398854, 1.8516401995451028, -0.5400617248673215, -0.4898979485566356, -0.7416198487095665, 0.0, -1.1226827987756232, -0.11433239009500579, 1.364382080481293], [-0.18257418583505527, 0.0, -0.26261286571944514, -0.18257418583505522, -0.18257418583505525, -0.18257418583505522, -0.18257418583505522, -0.18257418583505522, -0.26261286571944514, 1.8516401995451028, -0.5897678246195885, -0.4385290096535146, -0.18257418583505527, -0.5400617248673216, -0.32732683535398854, -0.2626128657194451, -0.18257418583505527, -0.38490017945975047, 0.7947194142390261, -0.32732683535398854, -0.6900655593423541, 0.6900655593423544, -0.2626128657194451, -0.2626128657194451, -0.6063390625908327, 1.1019463300386798, -0.5400617248673216, -0.2626128657194451, -0.2626128657194451, -0.2626128657194451, -0.5897678246195885, 0.8498365855987973, -0.32732683535398854, -0.5400617248673216, 1.8516401995451026, -0.4898979485566356, -0.7416198487095665, 0.0, 0.45927932677184574, -0.11433239009500579, -0.558156305651438], [-0.18257418583505527, 0.0, -0.26261286571944514, -0.18257418583505522, -0.18257418583505525, -0.18257418583505522, -0.18257418583505522, -0.18257418583505522, 3.807886552931955, -0.5400617248673216, -0.5897678246195885, -0.4385290096535146, -0.18257418583505527, -0.5400617248673216, -0.32732683535398854, -0.2626128657194451, -0.18257418583505527, -0.38490017945975047, 0.7947194142390261, -0.32732683535398854, -0.6900655593423541, 0.6900655593423544, -0.2626128657194451, -0.2626128657194451, -0.6063390625908327, 1.1019463300386798, -0.5400617248673216, -0.2626128657194451, -0.2626128657194451, -0.2626128657194451, -0.5897678246195885, 0.8498365855987973, -0.32732683535398854, -0.5400617248673216, 1.8516401995451026, -0.4898979485566356, -0.7416198487095665, 0.0, 0.45927932677184574, -0.11433239009500579, -0.558156305651438], [-0.18257418583505527, 0.0, -0.26261286571944514, -0.18257418583505522, -0.18257418583505525, -0.18257418583505522, -0.18257418583505522, -0.18257418583505522, -0.26261286571944514, -0.5400617248673216, -0.5897678246195885, 2.280350850198276, -0.18257418583505527, -0.5400617248673216, -0.32732683535398854, -0.2626128657194451, -0.18257418583505527, -0.38490017945975047, 0.7947194142390261, -0.32732683535398854, -0.6900655593423541, 0.6900655593423544, -0.2626128657194451, -0.2626128657194451, -0.6063390625908327, 1.1019463300386798, -0.5400617248673216, -0.2626128657194451, -0.2626128657194451, -0.2626128657194451, -0.5897678246195885, 0.8498365855987973, -0.32732683535398854, -0.5400617248673216, -0.5400617248673215, -0.4898979485566356, 1.3483997249264845, 0.0, 0.45927932677184574, -0.11433239009500579, -0.558156305651438], [-0.18257418583505527, 0.0, -0.26261286571944514, -0.18257418583505522, -0.18257418583505525, -0.18257418583505522, -0.18257418583505522, -0.18257418583505522, -0.26261286571944514, -0.5400617248673216, 1.695582495781317, -0.4385290096535146, -0.18257418583505527, -0.5400617248673216, -0.32732683535398854, -0.2626128657194451, -0.18257418583505527, -0.38490017945975047, 0.7947194142390261, -0.32732683535398854, -0.6900655593423541, 0.6900655593423544, -0.2626128657194451, -0.2626128657194451, -0.6063390625908327, 1.1019463300386798, -0.5400617248673216, -0.2626128657194451, -0.2626128657194451, -0.2626128657194451, -0.5897678246195885, 0.8498365855987973, -0.32732683535398854, -0.5400617248673216, -0.5400617248673215, -0.4898979485566356, 1.3483997249264845, 0.0, 0.45927932677184574, -0.11433239009500579, -0.558156305651438], [-0.18257418583505527, 0.0, -0.26261286571944514, -0.18257418583505522, -0.18257418583505525, -0.18257418583505522, -0.18257418583505522, -0.18257418583505522, -0.26261286571944514, -0.5400617248673216, -0.5897678246195885, -0.4385290096535146, -0.18257418583505527, -0.5400617248673216, -0.32732683535398854, -0.2626128657194451, -0.18257418583505527, -0.38490017945975047, 0.7947194142390261, -0.32732683535398854, -0.6900655593423541, 0.6900655593423544, -0.2626128657194451, -0.2626128657194451, -0.6063390625908327, -0.9074852129730304, 1.8516401995451028, -0.2626128657194451, -0.2626128657194451, -0.2626128657194451, -0.5897678246195885, 0.8498365855987973, -0.32732683535398854, -0.5400617248673216, -0.5400617248673215, 2.0412414523193148, -0.7416198487095665, 0.0, -1.1226827987756232, -0.11433239009500579, -0.558156305651438], [-0.18257418583505527, 0.0, -0.26261286571944514, -0.18257418583505522, -0.18257418583505525, -0.18257418583505522, -0.18257418583505522, -0.18257418583505522, -0.26261286571944514, -0.5400617248673216, -0.5897678246195885, -0.4385290096535146, -0.18257418583505527, 1.8516401995451028, -0.32732683535398854, -0.2626128657194451, -0.18257418583505527, -0.38490017945975047, -1.2583057392117913, -0.32732683535398854, -0.6900655593423541, 0.6900655593423544, -0.2626128657194451, -0.2626128657194451, -0.6063390625908327, -0.9074852129730304, 1.8516401995451028, -0.2626128657194451, -0.2626128657194451, -0.2626128657194451, -0.5897678246195885, 0.8498365855987973, -0.32732683535398854, 1.8516401995451028, -0.5400617248673215, -0.4898979485566356, -0.7416198487095665, 0.0, -1.1226827987756232, -0.11433239009500579, -0.558156305651438], [-0.18257418583505527, 0.0, -0.26261286571944514, -0.18257418583505522, -0.18257418583505525, -0.18257418583505522, -0.18257418583505522, -0.18257418583505522, -0.26261286571944514, -0.5400617248673216, -0.5897678246195885, -0.4385290096535146, -0.18257418583505527, -0.5400617248673216, -0.32732683535398854, -0.2626128657194451, -0.18257418583505527, 2.598076211353316, -1.2583057392117913, -0.32732683535398854, -0.6900655593423541, 0.6900655593423544, -0.2626128657194451, -0.2626128657194451, -0.6063390625908327, -0.9074852129730304, 1.8516401995451028, -0.2626128657194451, -0.2626128657194451, -0.2626128657194451, -0.5897678246195885, 0.8498365855987973, -0.32732683535398854, -0.5400617248673216, -0.5400617248673215, 2.0412414523193148, -0.7416198487095665, 0.0, -1.1226827987756232, -0.11433239009500579, -0.558156305651438], [-0.18257418583505527, 0.0, -0.26261286571944514, -0.18257418583505522, -0.18257418583505525, -0.18257418583505522, -0.18257418583505522, -0.18257418583505522, -0.26261286571944514, -0.5400617248673216, -0.5897678246195885, -0.4385290096535146, -0.18257418583505527, 1.8516401995451028, -0.32732683535398854, -0.2626128657194451, -0.18257418583505527, -0.38490017945975047, 0.7947194142390261, -0.32732683535398854, -0.6900655593423541, 0.6900655593423544, -0.2626128657194451, -0.2626128657194451, -0.6063390625908327, -0.9074852129730304, 1.8516401995451028, -0.2626128657194451, -0.2626128657194451, -0.2626128657194451, -0.5897678246195885, 0.8498365855987973, -0.32732683535398854, 1.8516401995451028, -0.5400617248673215, -0.4898979485566356, -0.7416198487095665, 0.0, -1.1226827987756232, 1.6578196563775855, -0.558156305651438], [-0.18257418583505527, 0.0, -0.26261286571944514, -0.18257418583505522, -0.18257418583505525, -0.18257418583505522, -0.18257418583505522, -0.18257418583505522, -0.26261286571944514, -0.5400617248673216, 1.695582495781317, -0.4385290096535146, -0.18257418583505527, -0.5400617248673216, -0.32732683535398854, -0.2626128657194451, -0.18257418583505527, 2.598076211353316, 0.7947194142390261, -0.32732683535398854, -0.6900655593423541, 0.6900655593423544, -0.2626128657194451, -0.2626128657194451, -0.6063390625908327, 1.1019463300386798, -0.5400617248673216, -0.2626128657194451, -0.2626128657194451, -0.2626128657194451, -0.5897678246195885, 0.8498365855987973, -0.32732683535398854, -0.5400617248673216, -0.5400617248673215, -0.4898979485566356, 1.3483997249264845, 0.0, 0.45927932677184574, 1.6578196563775855, -0.558156305651438], [-0.18257418583505527, 0.0, -0.26261286571944514, -0.18257418583505522, -0.18257418583505525, -0.18257418583505522, -0.18257418583505522, -0.18257418583505522, -0.26261286571944514, 1.8516401995451028, -0.5897678246195885, -0.4385290096535146, -0.18257418583505527, 1.8516401995451028, -0.32732683535398854, -0.2626128657194451, -0.18257418583505527, -0.38490017945975047, 0.7947194142390261, -0.32732683535398854, -0.6900655593423541, 0.6900655593423544, -0.2626128657194451, -0.2626128657194451, -0.6063390625908327, 1.1019463300386798, -0.5400617248673216, -0.2626128657194451, -0.2626128657194451, -0.2626128657194451, -0.5897678246195885, 0.8498365855987973, -0.32732683535398854, 1.8516401995451028, -0.5400617248673215, -0.4898979485566356, -0.7416198487095665, 0.0, 0.45927932677184574, 1.6578196563775855, -0.558156305651438], [-0.18257418583505527, 0.0, 3.8078865529319548, -0.18257418583505522, -0.18257418583505525, -0.18257418583505522, -0.18257418583505522, -0.18257418583505522, -0.26261286571944514, -0.5400617248673216, 1.695582495781317, -0.4385290096535146, -0.18257418583505527, -0.5400617248673216, 3.055050463303893, -0.2626128657194451, 5.4772255750516585, -0.38490017945975047, 0.7947194142390261, 3.055050463303893, -0.6900655593423541, 0.6900655593423544, -0.2626128657194451, -0.2626128657194451, -0.6063390625908327, 1.1019463300386798, -0.5400617248673216, -0.2626128657194451, -0.2626128657194451, -0.2626128657194451, -0.5897678246195885, -1.176696810829104, 3.055050463303893, -0.5400617248673216, -0.5400617248673215, 2.0412414523193148, -0.7416198487095665, 0.0, 0.45927932677184574, 1.6578196563775855, 1.364382080481293], [5.4772255750516585, 0.0, -0.26261286571944514, -0.18257418583505522, -0.18257418583505525, -0.18257418583505522, -0.18257418583505522, -0.18257418583505522, -0.26261286571944514, -0.5400617248673216, -0.5897678246195885, -0.4385290096535146, -0.18257418583505527, 1.8516401995451028, 3.055050463303893, -0.2626128657194451, -0.18257418583505527, -0.38490017945975047, -1.2583057392117913, 3.055050463303893, -0.6900655593423541, 0.6900655593423544, -0.2626128657194451, -0.2626128657194451, -0.6063390625908327, -0.9074852129730304, 1.8516401995451028, -0.2626128657194451, -0.2626128657194451, -0.2626128657194451, -0.5897678246195885, -1.176696810829104, 3.055050463303893, 1.8516401995451028, -0.5400617248673215, -0.4898979485566356, -0.7416198487095665, 0.0, -1.1226827987756232, -0.11433239009500579, 1.364382080481293], [-0.18257418583505527, 0.0, 3.8078865529319548, -0.18257418583505522, -0.18257418583505525, -0.18257418583505522, -0.18257418583505522, -0.18257418583505522, -0.26261286571944514, -0.5400617248673216, -0.5897678246195885, 2.280350850198276, 5.4772255750516585, -0.5400617248673216, 3.055050463303893, -0.2626128657194451, -0.18257418583505527, -0.38490017945975047, 0.7947194142390261, 3.055050463303893, -0.6900655593423541, 0.6900655593423544, -0.2626128657194451, -0.2626128657194451, -0.6063390625908327, 1.1019463300386798, -0.5400617248673216, -0.2626128657194451, -0.2626128657194451, -0.2626128657194451, -0.5897678246195885, -1.176696810829104, 3.055050463303893, -0.5400617248673216, -0.5400617248673215, -0.4898979485566356, 1.3483997249264845, 0.0, 0.45927932677184574, -0.11433239009500579, 3.286920466614024], [-0.18257418583505527, 0.0, -0.26261286571944514, -0.18257418583505522, -0.18257418583505525, -0.18257418583505522, -0.18257418583505522, -0.18257418583505522, -0.26261286571944514, 1.8516401995451028, 1.695582495781317, -0.4385290096535146, -0.18257418583505527, -0.5400617248673216, -0.32732683535398854, -0.2626128657194451, -0.18257418583505527, -0.38490017945975047, -1.2583057392117913, -0.32732683535398854, 1.449137674618944, -1.449137674618944, -0.2626128657194451, -0.2626128657194451, 0.6467616667635548, 1.1019463300386798, -0.5400617248673216, -0.2626128657194451, -0.2626128657194451, -0.2626128657194451, 1.695582495781317, -1.176696810829104, -0.32732683535398854, -0.5400617248673216, 1.8516401995451026, -0.4898979485566356, -0.7416198487095665, 0.0, 2.0412414523193143, -1.886484436567597, -0.558156305651438], [-0.18257418583505527, 0.0, -0.26261286571944514, -0.18257418583505522, -0.18257418583505525, -0.18257418583505522, -0.18257418583505522, -0.18257418583505522, 3.807886552931955, -0.5400617248673216, -0.5897678246195885, 2.280350850198276, -0.18257418583505527, -0.5400617248673216, -0.32732683535398854, -0.2626128657194451, -0.18257418583505527, -0.38490017945975047, -1.2583057392117913, -0.32732683535398854, 1.449137674618944, -1.449137674618944, -0.2626128657194451, -0.2626128657194451, 0.6467616667635548, 1.1019463300386798, -0.5400617248673216, -0.2626128657194451, -0.2626128657194451, -0.2626128657194451, 1.695582495781317, -1.176696810829104, -0.32732683535398854, -0.5400617248673216, -0.5400617248673215, -0.4898979485566356, 1.3483997249264845, 0.0, 2.0412414523193143, -1.886484436567597, -0.558156305651438], [-0.18257418583505527, 0.0, -0.26261286571944514, -0.18257418583505522, -0.18257418583505525, -0.18257418583505522, -0.18257418583505522, -0.18257418583505522, -0.26261286571944514, 1.8516401995451028, -0.5897678246195885, -0.4385290096535146, -0.18257418583505527, -0.5400617248673216, -0.32732683535398854, -0.2626128657194451, -0.18257418583505527, -0.38490017945975047, 0.7947194142390261, -0.32732683535398854, 1.449137674618944, 0.6900655593423544, -0.2626128657194451, -0.2626128657194451, 0.6467616667635548, 1.1019463300386798, -0.5400617248673216, -0.2626128657194451, -0.2626128657194451, -0.2626128657194451, -0.5897678246195885, 0.8498365855987973, -0.32732683535398854, -0.5400617248673216, 1.8516401995451026, -0.4898979485566356, -0.7416198487095665, 0.0, 0.45927932677184574, -0.11433239009500579, -0.558156305651438], [-0.18257418583505527, 0.0, -0.26261286571944514, -0.18257418583505522, -0.18257418583505525, -0.18257418583505522, -0.18257418583505522, -0.18257418583505522, -0.26261286571944514, 1.8516401995451028, -0.5897678246195885, 2.280350850198276, -0.18257418583505527, -0.5400617248673216, -0.32732683535398854, -0.2626128657194451, -0.18257418583505527, -0.38490017945975047, -1.2583057392117913, -0.32732683535398854, 1.449137674618944, -1.449137674618944, -0.2626128657194451, -0.2626128657194451, 1.8998623961179424, -0.9074852129730304, -0.5400617248673216, -0.2626128657194451, -0.2626128657194451, -0.2626128657194451, 1.695582495781317, -1.176696810829104, -0.32732683535398854, -0.5400617248673216, -0.5400617248673215, -0.4898979485566356, 1.3483997249264845, 0.0, 2.0412414523193143, -1.886484436567597, -0.558156305651438], [-0.18257418583505527, 0.0, -0.26261286571944514, -0.18257418583505522, -0.18257418583505525, -0.18257418583505522, -0.18257418583505522, -0.18257418583505522, -0.26261286571944514, -0.5400617248673216, -0.5897678246195885, -0.4385290096535146, -0.18257418583505527, -0.5400617248673216, -0.32732683535398854, -0.2626128657194451, -0.18257418583505527, -0.38490017945975047, 0.7947194142390261, -0.32732683535398854, 1.449137674618944, 0.6900655593423544, -0.2626128657194451, -0.2626128657194451, 1.8998623961179424, -0.9074852129730304, 1.8516401995451028, -0.2626128657194451, -0.2626128657194451, -0.2626128657194451, -0.5897678246195885, 0.8498365855987973, -0.32732683535398854, -0.5400617248673216, -0.5400617248673215, 2.0412414523193148, -0.7416198487095665, 0.0, -1.1226827987756232, -0.11433239009500579, -0.558156305651438], [-0.18257418583505527, 0.0, -0.26261286571944514, -0.18257418583505522, -0.18257418583505525, -0.18257418583505522, -0.18257418583505522, -0.18257418583505522, -0.26261286571944514, -0.5400617248673216, 1.695582495781317, -0.4385290096535146, -0.18257418583505527, -0.5400617248673216, -0.32732683535398854, -0.2626128657194451, -0.18257418583505527, -0.38490017945975047, 0.7947194142390261, -0.32732683535398854, -0.6900655593423541, 0.6900655593423544, -0.2626128657194451, -0.2626128657194451, -0.6063390625908327, -0.9074852129730304, -0.5400617248673216, 3.8078865529319543, 3.8078865529319543, -0.2626128657194451, -0.5897678246195885, 0.8498365855987973, -0.32732683535398854, -0.5400617248673216, -0.5400617248673215, -0.4898979485566356, 1.3483997249264845, 0.0, 0.45927932677184574, -0.11433239009500579, -0.558156305651438], [-0.18257418583505527, 0.0, -0.26261286571944514, -0.18257418583505522, -0.18257418583505525, -0.18257418583505522, -0.18257418583505522, -0.18257418583505522, -0.26261286571944514, 1.8516401995451028, -0.5897678246195885, -0.4385290096535146, -0.18257418583505527, 1.8516401995451028, -0.32732683535398854, -0.2626128657194451, -0.18257418583505527, -0.38490017945975047, -1.2583057392117913, -0.32732683535398854, -0.6900655593423541, 0.6900655593423544, -0.2626128657194451, -0.2626128657194451, -0.6063390625908327, -0.9074852129730304, -0.5400617248673216, 3.8078865529319543, 3.8078865529319543, -0.2626128657194451, -0.5897678246195885, 0.8498365855987973, -0.32732683535398854, 1.8516401995451028, -0.5400617248673215, -0.4898979485566356, -0.7416198487095665, 0.0, 0.45927932677184574, -0.11433239009500579, -0.558156305651438], [-0.18257418583505527, 0.0, -0.26261286571944514, -0.18257418583505522, -0.18257418583505525, -0.18257418583505522, -0.18257418583505522, -0.18257418583505522, -0.26261286571944514, -0.5400617248673216, -0.5897678246195885, -0.4385290096535146, -0.18257418583505527, -0.5400617248673216, -0.32732683535398854, 3.8078865529319543, -0.18257418583505527, -0.38490017945975047, -1.2583057392117913, -0.32732683535398854, -0.6900655593423541, 0.6900655593423544, -0.2626128657194451, -0.2626128657194451, -0.6063390625908327, -0.9074852129730304, 1.8516401995451028, -0.2626128657194451, -0.2626128657194451, -0.2626128657194451, -0.5897678246195885, 0.8498365855987973, -0.32732683535398854, -0.5400617248673216, -0.5400617248673215, 2.0412414523193148, -0.7416198487095665, 0.0, -1.1226827987756232, -0.11433239009500579, -0.558156305651438], [-0.18257418583505527, 0.0, -0.26261286571944514, -0.18257418583505522, -0.18257418583505525, -0.18257418583505522, -0.18257418583505522, -0.18257418583505522, -0.26261286571944514, -0.5400617248673216, 1.695582495781317, -0.4385290096535146, -0.18257418583505527, -0.5400617248673216, -0.32732683535398854, 3.8078865529319543, -0.18257418583505527, -0.38490017945975047, 0.7947194142390261, -0.32732683535398854, -0.6900655593423541, 0.6900655593423544, -0.2626128657194451, -0.2626128657194451, -0.6063390625908327, 1.1019463300386798, -0.5400617248673216, -0.2626128657194451, -0.2626128657194451, -0.2626128657194451, -0.5897678246195885, 0.8498365855987973, -0.32732683535398854, -0.5400617248673216, -0.5400617248673215, 2.0412414523193148, -0.7416198487095665, 0.0, 0.45927932677184574, 1.6578196563775855, -0.558156305651438], [-0.18257418583505527, 0.0, -0.26261286571944514, -0.18257418583505522, -0.18257418583505525, -0.18257418583505522, -0.18257418583505522, -0.18257418583505522, -0.26261286571944514, -0.5400617248673216, 1.695582495781317, -0.4385290096535146, -0.18257418583505527, -0.5400617248673216, -0.32732683535398854, -0.2626128657194451, -0.18257418583505527, -0.38490017945975047, -1.2583057392117913, -0.32732683535398854, -0.6900655593423541, -1.449137674618944, 3.8078865529319543, 3.8078865529319543, -0.6063390625908327, -0.9074852129730304, -0.5400617248673216, -0.2626128657194451, -0.2626128657194451, 3.8078865529319543, -0.5897678246195885, -1.176696810829104, -0.32732683535398854, -0.5400617248673216, -0.5400617248673215, -0.4898979485566356, 1.3483997249264845, 0.0, 0.45927932677184574, -1.886484436567597, -0.558156305651438], [-0.18257418583505527, 0.0, -0.26261286571944514, -0.18257418583505522, -0.18257418583505525, -0.18257418583505522, -0.18257418583505522, -0.18257418583505522, -0.26261286571944514, 1.8516401995451028, -0.5897678246195885, -0.4385290096535146, -0.18257418583505527, -0.5400617248673216, -0.32732683535398854, -0.2626128657194451, -0.18257418583505527, -0.38490017945975047, 0.7947194142390261, -0.32732683535398854, -0.6900655593423541, -1.449137674618944, 3.8078865529319543, 3.8078865529319543, -0.6063390625908327, -0.9074852129730304, -0.5400617248673216, -0.2626128657194451, -0.2626128657194451, 3.8078865529319543, -0.5897678246195885, -1.176696810829104, -0.32732683535398854, -0.5400617248673216, 1.8516401995451026, -0.4898979485566356, -0.7416198487095665, 0.0, 0.45927932677184574, -0.11433239009500579, -0.558156305651438], [-0.18257418583505527, 0.0, -0.26261286571944514, -0.18257418583505522, -0.18257418583505525, -0.18257418583505522, -0.18257418583505522, -0.18257418583505522, -0.26261286571944514, -0.5400617248673216, 1.695582495781317, -0.4385290096535146, -0.18257418583505527, -0.5400617248673216, -0.32732683535398854, -0.2626128657194451, -0.18257418583505527, 2.598076211353316, -1.2583057392117913, -0.32732683535398854, -0.6900655593423541, 0.6900655593423544, -0.2626128657194451, -0.2626128657194451, -0.6063390625908327, 1.1019463300386798, -0.5400617248673216, -0.2626128657194451, -0.2626128657194451, -0.2626128657194451, -0.5897678246195885, 0.8498365855987973, -0.32732683535398854, -0.5400617248673216, -0.5400617248673215, -0.4898979485566356, 1.3483997249264845, 0.0, 0.45927932677184574, -0.11433239009500579, -0.558156305651438], [-0.18257418583505527, 0.0, -0.26261286571944514, -0.18257418583505522, -0.18257418583505525, -0.18257418583505522, -0.18257418583505522, -0.18257418583505522, -0.26261286571944514, -0.5400617248673216, -0.5897678246195885, 2.280350850198276, -0.18257418583505527, -0.5400617248673216, -0.32732683535398854, -0.2626128657194451, -0.18257418583505527, 2.598076211353316, 0.7947194142390261, -0.32732683535398854, -0.6900655593423541, 0.6900655593423544, -0.2626128657194451, -0.2626128657194451, -0.6063390625908327, 1.1019463300386798, -0.5400617248673216, -0.2626128657194451, -0.2626128657194451, -0.2626128657194451, -0.5897678246195885, 0.8498365855987973, -0.32732683535398854, -0.5400617248673216, -0.5400617248673215, -0.4898979485566356, 1.3483997249264845, 0.0, 0.45927932677184574, 1.6578196563775855, -0.558156305651438]], "distance_matrices": {"euclidean": [[0.0, 8.00416558216199, 8.611334773430103, 9.577230235549138, 9.328052029817968, 8.248784798473404, 8.88207059606763, 8.933249138024497, 8.810985107050417, 8.580730512066765, 9.103716709411867, 9.313538347457612, 9.044515936209084, 9.469536925353287, 9.399132290432833, 12.56714773725438, 11.892410536850603, 12.594436469218504, 8.250831370893335, 9.548971004861832, 7.8674010154197, 8.824203428159775, 8.30979817110639, 10.331194241959473, 10.886606134437594, 9.716625644669897, 9.969023613083051, 11.044226865463632, 10.248341524079471, 9.526096733999404, 9.583402902204444], [8.00416558216199, 0.0, 8.611334773430103, 9.577230235549138, 9.328052029817968, 8.248784798473404, 8.88207059606763, 8.933249138024497, 8.810985107050417, 8.580730512066765, 9.103716709411867, 9.313538347457612, 9.044515936209084, 9.469536925353287, 9.399132290432833, 12.56714773725438, 11.892410536850603, 12.594436469218504, 8.250831370893335, 9.548971004861832, 7.867401015419699, 8.824203428159777, 8.309798171106388, 10.331194241959473, 10.886606134437594, 9.716625644669897, 9.969023613083051, 11.044226865463632, 10.248341524079471, 9.526096733999404, 9.583402902204444], [8.611334773430103, 8.611334773430103, 0.0, 9.506381157289052, 9.25529569457048, 8.83916684789612, 9.432899765551902, 8.349522156901886, 8.21857887005073, 8.501581020237195, 9.029152875445657, 9.240667739536315, 8.969459975008743, 8.92097022006068, 9.326930445543212, 12.513238828253924, 11.835428682558947, 12.187346309339091, 8.841076757066272, 9.005244435231731, 8.484363184756228, 8.232748400633097, 8.228042863735386, 9.83082674812636, 10.82433078066806, 9.64680038362982, 9.900978513316307, 10.577642797070087, 10.729255515066805, 8.980985417652912, 9.041747136066162], [9.577230235549138, 9.577230235549138, 9.506381157289052, 0.0, 8.101662058156652, 10.098523096037852, 10.622094715413397, 10.114355245947378, 10.006532887862413, 9.804395850837592, 8.606051525646171, 10.04038912928019, 9.023278673442128, 10.591004270598573, 9.378698060568569, 13.432439991646556, 11.515897416782037, 13.457974285024804, 9.343610975825358, 9.948327438211024, 9.463227306552293, 8.909090411264389, 8.88751348918599, 11.367973273380986, 10.473999143747637, 10.415384353755796, 11.03986746647872, 11.663720005797162, 11.788393531938757, 10.237867761566296, 10.692934726499942], [9.328052029817968, 9.328052029817968, 9.25529569457048, 8.101662058156652, 0.0, 9.702002964938087, 10.245857160514717, 9.718481097974145, 9.60621638556667, 9.395470760445106, 8.137125762364393, 9.641478448755944, 8.577193645304568, 10.21362150612087, 8.950344692902624, 13.136937882917891, 11.169806897359718, 13.163045417639735, 9.088029585880463, 9.70867830881922, 9.210965570544245, 8.820523256483972, 8.798729145879786, 11.017236911075386, 10.092242113310785, 10.03139691403538, 10.67835972834184, 11.322148964931102, 11.450542121415609, 9.8469603997262, 10.319280298336988], [8.248784798473404, 8.248784798473404, 8.83916684789612, 10.098523096037852, 9.702002964938087, 0.0, 4.721144311761661, 4.816738076848865, 4.586009604832346, 5.487057521577301, 6.273477667897552, 6.574257423766424, 6.187255663436298, 5.750665624045592, 4.505689421335127, 10.813751000227029, 10.654307833330265, 11.181061940371404, 5.927324142834228, 8.347471271317804, 2.4792038871579267, 7.492641220075369, 6.400393462352334, 7.6293663076396925, 7.651886873637719, 7.133840343254198, 6.54060068626405, 9.529672555389084, 7.901122689896838, 5.843333340180451, 5.936298234163345], [8.88207059606763, 8.88207059606763, 9.432899765551902, 10.622094715413397, 10.245857160514717, 4.721144311761661, 0.0, 5.835211489138075, 5.646256416212235, 6.399728718242776, 7.08556627741302, 7.353202574113624, 7.009340915287816, 6.62713230149987, 6.526135209602292, 11.30424425235559, 11.151816122469286, 11.656108850573816, 7.577755281526647, 6.88411744619429, 5.332509308625579, 8.856007907926234, 7.198177817678984, 8.309991436707442, 8.991138767666124, 7.857506313395138, 7.323126706480029, 10.082826311850225, 9.204180755139596, 6.707702434251815, 6.788841149042606], [8.933249138024497, 8.933249138024497, 8.349522156901886, 10.114355245947378, 9.718481097974145, 4.816738076848865, 5.835211489138075, 0.0, 3.551778959798064, 5.516141184298255, 6.298931287895005, 6.598550901066178, 6.2130625270262545, 4.965259792118571, 5.66230753951256, 10.828537482731655, 10.66931528859167, 10.090350856806529, 7.637678783190035, 6.81757368310093, 5.4173256884799414, 6.661770255891673, 6.4253443326358655, 7.056265296868975, 8.38521688672623, 7.156234440196499, 6.565018709582714, 9.077351414183854, 9.253577981611672, 5.072296738964916, 3.4696788070317317], [8.810985107050417, 8.810985107050417, 8.21857887005073, 10.006532887862413, 9.60621638556667, 4.586009604832346, 5.646256416212235, 3.551778959798064, 0.0, 5.315856653424751, 6.124300267318011, 6.432059731424304, 6.035947676992131, 3.4696788070317317, 5.46738009165904, 10.22947164987812, 10.567157002809449, 10.697210579993293, 6.761582907568833, 7.687291116106804, 5.213246206512167, 7.549458041578032, 6.254244014074335, 6.0971916617843975, 8.254839830795481, 7.003014333678271, 5.521262254041812, 8.35363243848575, 9.135601997483098, 3.6211959942607224, 4.965259792118571], [8.580730512066765, 8.580730512066765, 8.501581020237195, 9.804395850837592, 9.395470760445106, 5.487057521577301, 6.399728718242776, 5.516141184298255, 5.315856653424751, 0.0, 4.697026201528431, 3.6211959942607224, 4.5812297184227555, 6.34799204345164, 6.242480373709886, 10.552285308203308, 9.80916961294879, 11.499695386338178, 8.38129942626183, 9.050543233583003, 6.021150401642281, 8.4697446589981, 3.295032052624749, 7.573536021449462, 8.315230996759514, 4.558933844435904, 6.098604091754939, 9.485034350226716, 9.190207274800708, 6.432059731424304, 6.516631383550592], [9.103716709411867, 9.103716709411867, 9.029152875445657, 8.606051525646171, 8.137125762364393, 6.273477667897552, 7.08556627741302, 6.298931287895005, 6.124300267318011, 4.697026201528431, 0.0, 5.171584960656743, 2.7120905509438185, 7.038872408861848, 5.033520700236766, 11.550445028810275, 8.611489613171075, 11.895029036663967, 8.430010516942707, 9.095670951945372, 6.745589222870621, 8.517949978236231, 5.737533561180193, 8.161321564103684, 6.8615604195857385, 5.866524386243037, 7.697728691361802, 9.528104421556709, 9.680321872660594, 6.495405270783175, 7.191328555530458], [9.313538347457612, 9.313538347457612, 9.240667739536315, 10.04038912928019, 9.641478448755944, 6.574257423766424, 7.353202574113624, 6.598550901066178, 6.432059731424304, 3.6211959942607224, 5.171584960656743, 0.0, 5.839582704424156, 5.967727131519917, 7.216759774649772, 11.156333880561897, 10.045050739694863, 12.056369868555688, 8.656177905987334, 9.305674005164885, 7.026187628297931, 8.741842509223856, 4.8959469621998934, 8.394730984197315, 8.59222336749439, 5.046495186304009, 7.092674551734344, 9.728777543577976, 9.877903126810352, 5.315856653424751, 6.146808010799598], [9.044515936209084, 9.044515936209084, 8.969459975008743, 9.023278673442128, 8.577193645304568, 6.187255663436298, 7.009340915287816, 6.2130625270262545, 6.035947676992131, 4.5812297184227555, 2.7120905509438185, 5.839582704424156, 0.0, 6.495405270783175, 4.2403886004932705, 11.227526228294872, 9.028465457333935, 11.849781701710548, 9.203344947567562, 9.816705708852414, 6.665477069109421, 9.283962125078244, 5.643128738632879, 8.095231946511417, 7.378105891632646, 6.4630908651281525, 7.204137134265, 10.218671869486819, 9.624668417843097, 7.038872408861848, 6.660313148574099], [9.469536925353287, 9.469536925353287, 8.92097022006068, 10.591004270598573, 10.21362150612087, 5.750665624045592, 6.62713230149987, 4.965259792118571, 3.4696788070317317, 6.34799204345164, 7.038872408861848, 5.967727131519917, 6.495405270783175, 0.0, 5.970751237407297, 10.507126891210143, 11.122206532248443, 11.245843019386568, 8.002419646052443, 8.798531779755853, 6.262316427144084, 8.678365831027541, 7.1522191808941225, 7.015298795097635, 8.954387285350835, 7.815425822158923, 6.02012974529935, 9.386314063194376, 9.772302434962926, 2.7120905509438185, 3.551778959798064], [9.399132290432833, 9.399132290432833, 9.326930445543212, 9.378698060568569, 8.950344692902624, 4.505689421335127, 6.526135209602292, 5.66230753951256, 5.46738009165904, 6.242480373709886, 5.033520700236766, 7.216759774649772, 4.2403886004932705, 5.970751237407297, 0.0, 10.93237970042809, 9.974672124810185, 11.570518877106464, 7.855918431818827, 9.20989051770786, 5.142731674473231, 8.442835967579946, 7.05873908314917, 8.189504943963511, 6.673168761319612, 7.729970181966826, 6.734921867147298, 10.293515713089722, 9.095547093074387, 6.557843052065177, 6.1497440551905855], [12.56714773725438, 12.56714773725438, 12.513238828253924, 13.432439991646556, 13.136937882917891, 10.813751000227029, 11.30424425235559, 10.828537482731655, 10.22947164987812, 10.552285308203308, 11.550445028810275, 11.156333880561897, 11.227526228294872, 10.507126891210143, 10.93237970042809, 0.0, 11.105030106779598, 9.710475047738402, 11.819141278163245, 12.720216408434, 11.094307666952908, 12.637395993446045, 11.054770981506033, 11.908729419891667, 12.80812660896917, 11.4949816452079, 10.358363017013648, 13.133645179116892, 13.082479705393718, 10.851504534603029, 11.091205943776156], [11.892410536850603, 11.892410536850603, 11.835428682558947, 11.515897416782037, 11.169806897359718, 10.654307833330265, 11.151816122469286, 10.66931528859167, 10.567157002809449, 9.80916961294879, 8.611489613171075, 10.045050739694863, 9.028465457333935, 11.122206532248443, 9.974672124810185, 11.105030106779598, 0.0, 11.135902361267563, 11.705091006047017, 12.19324846831807, 10.938954580829998, 11.76858317622868, 10.347803859922278, 11.864439431783413, 11.010847594503293, 10.419878201406078, 11.550445028810275, 12.519139427778837, 12.635375328908486, 10.786475002959548, 11.219311910778712], [12.594436469218504, 12.594436469218504, 12.187346309339091, 13.457974285024804, 13.163045417639735, 11.181061940371404, 11.656108850573816, 10.090350856806529, 10.697210579993293, 11.499695386338178, 11.895029036663967, 12.056369868555688, 11.849781701710548, 11.245843019386568, 11.570518877106464, 9.710475047738402, 11.135902361267563, 0.0, 12.32621768406563, 11.835574178057074, 11.4526240673708, 11.746518128452534, 11.962450844471299, 12.312841278651067, 13.119719610223953, 12.370403056348275, 12.038050135741557, 13.266492147375155, 13.38768877220969, 11.293510287840993, 10.670232023598238], [8.250831370893335, 8.250831370893335, 8.841076757066272, 9.343610975825358, 9.088029585880463, 5.927324142834228, 7.577755281526647, 7.637678783190035, 6.761582907568833, 8.38129942626183, 8.430010516942707, 8.656177905987334, 9.203344947567562, 8.002419646052443, 7.855918431818827, 11.819141278163245, 11.705091006047017, 12.32621768406563, 0.0, 6.7076640721762155, 5.383931609904284, 5.320867434605287, 8.10370221543625, 9.104655379335354, 9.233348236678351, 9.0884670494642, 8.587666878093502, 9.133742488933807, 8.95515801585723, 7.099453449623668, 8.755218670643831], [9.548971004861832, 9.548971004861832, 9.005244435231731, 9.948327438211024, 9.70867830881922, 8.347471271317804, 6.88411744619429, 6.81757368310093, 7.687291116106804, 9.050543233583003, 9.095670951945372, 9.305674005164885, 9.816705708852414, 8.798531779755853, 9.20989051770786, 12.720216408434, 12.19324846831807, 11.835574178057074, 6.7076640721762155, 0.0, 7.970810793851345, 5.281787592892997, 8.79409701713397, 9.811737402942853, 10.409675720239589, 9.70908780779609, 9.790803201643644, 9.838734326223182, 10.71176737145755, 7.986092947820041, 8.04978432631021], [7.8674010154197, 7.867401015419699, 8.484363184756228, 9.463227306552293, 9.210965570544245, 2.4792038871579267, 5.332509308625579, 5.4173256884799414, 5.213246206512167, 6.021150401642281, 6.745589222870621, 7.026187628297931, 6.665477069109421, 6.262316427144084, 5.142731674473231, 11.094307666952908, 10.938954580829998, 11.4526240673708, 5.383931609904284, 7.970810793851345, 0.0, 6.844903042619124, 5.6283267214161015, 8.022074679922063, 8.043495797291634, 7.552359231203196, 6.994705801622876, 9.846883310318798, 8.280953548650157, 6.347518919905903, 6.433202051780265], [8.824203428159775, 8.824203428159777, 8.232748400633097, 8.909090411264389, 8.820523256483972, 7.492641220075369, 8.856007907926234, 6.661770255891673, 7.549458041578032, 8.4697446589981, 8.517949978236231, 8.741842509223856, 9.283962125078244, 8.678365831027541, 8.442835967579946, 12.637395993446045, 11.76858317622868, 11.746518128452534, 5.320867434605287, 5.281787592892997, 6.844903042619124, 0.0, 7.802521282303713, 9.278708564772339, 9.31370571661684, 9.17009421026668, 9.682959224900623, 9.307251737633086, 9.650167138211554, 7.853505751509552, 7.918263680749848], [8.30979817110639, 8.309798171106388, 8.228042863735386, 8.88751348918599, 8.798729145879786, 6.400393462352334, 7.198177817678984, 6.4253443326358655, 6.254244014074335, 3.295032052624749, 5.737533561180193, 4.8959469621998934, 5.643128738632879, 7.1522191808941225, 7.05873908314917, 11.054770981506033, 10.347803859922278, 11.962450844471299, 8.10370221543625, 8.79409701713397, 5.6283267214161015, 7.802521282303713, 0.0, 8.259278666809651, 8.944288834630436, 5.625043468789161, 6.9318257404376915, 10.041071300055846, 9.763050034780335, 7.226937706693932, 7.3023092797348], [10.331194241959473, 10.331194241959473, 9.83082674812636, 11.367973273380986, 11.017236911075386, 7.6293663076396925, 8.309991436707442, 7.056265296868975, 6.0971916617843975, 7.573536021449462, 8.161321564103684, 8.394730984197315, 8.095231946511417, 7.015298795097635, 8.189504943963511, 11.908729419891667, 11.864439431783413, 12.312841278651067, 9.104655379335354, 9.811737402942853, 8.022074679922063, 9.278708564772339, 8.259278666809651, 0.0, 5.564767243250554, 8.839814798180766, 8.22557493664972, 9.944007784879984, 10.609398652367132, 7.091460116885879, 7.863176900195146], [10.886606134437594, 10.886606134437594, 10.82433078066806, 10.473999143747637, 10.092242113310785, 7.651886873637